  2.7519   0.0009291   0.00017148   0.00377012
  2.8069   0.0006984   0.00006392   0.00140545
  2.8631   0.0007326   0.00004296   0.00094449
  2.9203   0.0007457   0.00003933   0.00086473
  2.9787   0.0007031   0.00003566   0.00078406
  3.0383   0.0006951   0.00003514   0.00077265
  3.0991   0.0006993   0.00003410   0.00074984
  3.1611   0.0006718   0.00003343   0.00073498
  3.2243   0.0006965   0.00003560   0.00078269
  3.2888   0.0006455   0.00003545   0.00077951
  3.3545   0.0007559   0.00003583   0.00078783
  3.4216   0.0006153   0.00003555   0.00078160
  3.4901   0.0006292   0.00003715   0.00081690
  3.5599   0.0006820   0.00003757   0.00082612
  3.6311   0.0006482   0.00003897   0.00085675
  3.7037   0.0006812   0.00003803   0.00083621
  3.7778   0.0006398   0.00003972   0.00087337
  3.8533   0.0006368   0.00003971   0.00087298
  3.9304   0.0007502   0.00004251   0.00093473
  4.0090   0.0007665   0.00004391   0.00096533
  4.0892   0.0007176   0.00004686   0.00103036
  4.1710   0.0007094   0.00004746   0.00104346
  4.2544   0.0005939   0.00004999   0.00109908
  4.3395   0.0007873   0.00005204   0.00114425
  4.4262   0.0007736   0.00005629   0.00123758
  4.5148   0.0007789   0.00006131   0.00134809
  4.6051   0.0008139   0.00006593   0.00144959
  4.6972   0.0007373   0.00006888   0.00151435
  4.7911   0.0007410   0.00007430   0.00163364
  4.8869   0.0006235   0.00007950   0.00174797
  4.9847   0.0007982   0.00008589   0.00188830
  5.0844   0.0007606   0.00008676   0.00190747
